# ---------------------------------------
# real data from NIJ challenge
# ---------------------------------------
slots: [0, 1, 2, 3, 4, 5, 6, 7, 8, 9, 10, 11, 12, 13, 14, 15, 16]
y1:
  [
    261,
    254,
    430,
    376,
    422,
    401,
    420,
    454,
    449,
    417,
    383,
    397,
    307,
    248,
    116,
    38,
    4,
  ]
x1:
  [
    1382,
    1278,
    1849,
    1429,
    1530,
    1358,
    1368,
    1377,
    1294,
    1170,
    1122,
    1074,
    838,
    610,
    264,
    77,
    8,
  ]
ρ1:
  [
    0.18885672937771347,
    0.19874804381846636,
    0.23255813953488372,
    0.2631210636808957,
    0.2758169934640523,
    0.29528718703976436,
    0.30701754385964913,
    0.3297022512708787,
    0.34698608964451316,
    0.3564102564102564,
    0.3413547237076649,
    0.36964618249534453,
    0.36634844868735084,
    0.4065573770491803,
    0.4393939393939394,
    0.4935064935064935,
    0.5,
  ]
Σ:
  [
    [
      0.5899825013398421,
      0.5132854218726794,
      0.75673633845379,
      0.5784372598777031,
      0.6187874913636686,
      0.5447184394552815,
      0.5444407854380153,
      0.5424842931768139,
      0.5325016626955685,
      0.469764768933744,
      0.4433295236619336,
      0.4112120566414195,
      0.32668900812945134,
      0.2313180817335942,
      0.10225416319599145,
      0.028062426954393715,
      0.0027894543130000194,
    ],
    [
      0.5132854218726794,
      0.47704834408435515,
      0.6825446022121923,
      0.5321465238362745,
      0.5655747761010919,
      0.5025925136728461,
      0.5017918369718923,
      0.5053496826350012,
      0.4807353311508436,
      0.4295436788511581,
      0.41000458451981997,
      0.37875882197211835,
      0.29731579593075436,
      0.20916387398381858,
      0.09320135081907935,
      0.024588523203481653,
      0.002673227049958352,
    ],
    [
      0.75673633845379,
      0.6825446022121923,
      1.0,
      0.7654275549012391,
      0.818595070672633,
      0.7231983159961,
      0.7242572755038129,
      0.723882765434012,
      0.703245969173947,
      0.6206212992916594,
      0.5915451123207356,
      0.5466361892954691,
      0.4321006786380748,
      0.3040117776959882,
      0.13623126642517225,
      0.036062736893761826,
      0.0038225855400370636,
    ],
    [
      0.5784372598777031,
      0.5321465238362745,
      0.7654275549012391,
      0.6084432649529602,
      0.6393597169220437,
      0.5712569978497957,
      0.5719608184982147,
      0.573943139040092,
      0.5480438305923071,
      0.48524236612879273,
      0.46592926925336897,
      0.4267348533276511,
      0.33657478255816203,
      0.23884056848045768,
      0.10497258973713268,
      0.0283465380418289,
      0.003357676487870394,
    ],
    [
      0.6187874913636686,
      0.5655747761010919,
      0.818595070672633,
      0.6393597169220437,
      0.688556134539514,
      0.607513446848627,
      0.6056215252891153,
      0.6115684869147473,
      0.5873157313600527,
      0.5191742698667906,
      0.4992671225358206,
      0.4600920778206097,
      0.3587096190974307,
      0.2514124840994647,
      0.11228199316841976,
      0.02961858086511826,
      0.0031962497336458554,
    ],
    [
      0.5447184394552815,
      0.5025925136728461,
      0.7231983159961,
      0.5712569978497957,
      0.607513446848627,
      0.547714520013689,
      0.5454674595948834,
      0.5480115452414621,
      0.522189721635705,
      0.4618936003977555,
      0.4473587354473781,
      0.4095719608184982,
      0.32001239757472444,
      0.22608139782655018,
      0.10007813054904467,
      0.026370674570120555,
      0.0030477371197592806,
    ],
    [
      0.5444407854380153,
      0.5017918369718923,
      0.7242572755038129,
      0.5719608184982147,
      0.6056215252891153,
      0.5454674595948834,
      0.5576067515125687,
      0.5545912997436543,
      0.5237717038271055,
      0.4602599616450032,
      0.4493927125506073,
      0.4083257462758848,
      0.32622409907728467,
      0.22786354919318907,
      0.10085297896932247,
      0.026325475078937684,
      0.003067108330266225,
    ],
    [
      0.5424842931768139,
      0.5053496826350012,
      0.723882765434012,
      0.573943139040092,
      0.6115684869147473,
      0.5480115452414621,
      0.5545912997436543,
      0.5717800205334831,
      0.5307582537499435,
      0.468370041777244,
      0.45908477487424854,
      0.4221503335076742,
      0.3336045302804306,
      0.22916142029715436,
      0.10003938812803079,
      0.027474833569016394,
      0.0031058507512801144,
    ],
    [
      0.5325016626955685,
      0.4807353311508436,
      0.703245969173947,
      0.5480438305923071,
      0.5873157313600527,
      0.522189721635705,
      0.5237717038271055,
      0.5307582537499435,
      0.5180378255170499,
      0.4481271267974869,
      0.43580057984490117,
      0.39952475963556294,
      0.3151825090883263,
      0.21806171667667512,
      0.09724993381503076,
      0.02564102564102564,
      0.002602199278099555,
    ],
    [
      0.469764768933744,
      0.4295436788511581,
      0.6206212992916594,
      0.48524236612879273,
      0.5191742698667906,
      0.4618936003977555,
      0.4602599616450032,
      0.468370041777244,
      0.4481271267974869,
      0.4047162440514241,
      0.38482201086079204,
      0.36288734349676177,
      0.2828390446118978,
      0.19794148603012868,
      0.08666679580807005,
      0.024117157081146,
      0.0028411108743518717,
    ],
    [
      0.4433295236619336,
      0.41000458451981997,
      0.5915451123207356,
      0.46592926925336897,
      0.4992671225358206,
      0.4473587354473781,
      0.4493927125506073,
      0.45908477487424854,
      0.43580057984490117,
      0.38482201086079204,
      0.38082508442619245,
      0.35227192013895614,
      0.2741994847258005,
      0.19229154963226985,
      0.08440036417875753,
      0.023000083941912195,
      0.002395573032692146,
    ],
    [
      0.4112120566414195,
      0.37875882197211835,
      0.5466361892954691,
      0.4267348533276511,
      0.4600920778206097,
      0.4095719608184982,
      0.4083257462758848,
      0.4221503335076742,
      0.39952475963556294,
      0.36288734349676177,
      0.35227192013895614,
      0.3440714410243496,
      0.2601166146872518,
      0.18589259309480916,
      0.08026783927060935,
      0.023555391976444608,
      0.002234146278467608,
    ],
    [
      0.32668900812945134,
      0.29731579593075436,
      0.4321006786380748,
      0.33657478255816203,
      0.3587096190974307,
      0.32001239757472444,
      0.32622409907728467,
      0.3336045302804306,
      0.3151825090883263,
      0.2828390446118978,
      0.2741994847258005,
      0.2601166146872518,
      0.20760772007309403,
      0.14401203597879497,
      0.06233655541134765,
      0.017866713157571882,
      0.0019177498401875134,
    ],
    [
      0.2313180817335942,
      0.20916387398381858,
      0.3040117776959882,
      0.23884056848045768,
      0.2514124840994647,
      0.22608139782655018,
      0.22786354919318907,
      0.22916142029715436,
      0.21806171667667512,
      0.19794148603012868,
      0.19229154963226985,
      0.18589259309480916,
      0.14401203597879497,
      0.10979602115336187,
      0.045793541638416986,
      0.013275736267426019,
      0.0013107852443032498,
    ],
    [
      0.10225416319599145,
      0.09320135081907935,
      0.13623126642517225,
      0.10497258973713268,
      0.11228199316841976,
      0.10007813054904467,
      0.10085297896932247,
      0.10003938812803079,
      0.09724993381503076,
      0.08666679580807005,
      0.08440036417875753,
      0.08026783927060935,
      0.06233655541134765,
      0.045793541638416986,
      0.02026228619026403,
      0.005391653591099574,
      0.00045199491182870683,
    ],
    [
      0.028062426954393715,
      0.024588523203481653,
      0.036062736893761826,
      0.0283465380418289,
      0.02961858086511826,
      0.026370674570120555,
      0.026325475078937684,
      0.027474833569016394,
      0.02564102564102564,
      0.024117157081146,
      0.023000083941912195,
      0.023555391976444608,
      0.017866713157571882,
      0.013275736267426019,
      0.005391653591099574,
      0.002292259909988442,
      0.00015496968405555664,
    ],
    [
      0.0027894543130000194,
      0.002673227049958352,
      0.0038225855400370636,
      0.003357676487870394,
      0.0031962497336458554,
      0.0030477371197592806,
      0.003067108330266225,
      0.0031058507512801144,
      0.002602199278099555,
      0.0028411108743518717,
      0.002395573032692146,
      0.002234146278467608,
      0.0019177498401875134,
      0.0013107852443032498,
      0.00045199491182870683,
      0.00015496968405555664,
      0.00010331312270370442,
    ],
  ]
